 &lapsparms_nl

 c6_maproj='lambrt',
 standard_latitude=39.87168,
 standard_latitude2=39.87168,
 standard_longitude=-3.3065599999999904,
 grid_cen_lat=39.87168,
 grid_cen_lon=-3.3065599999999904,
 grid_spacing_m=6000,
 NX_L=192,
 NY_L=159,

 /
