 &lapsparms_nl

 c6_maproj='lambrt',
 standard_latitude=36.73866,
 standard_latitude2=36.73866,
 standard_longitude=-119.18386000000001,
 grid_cen_lat=36.73866,
 grid_cen_lon=-119.18386000000001,
 grid_spacing_m=778,
 NX_L=37,
 NY_L=34,

 /
